3110
7 16
8 16
9 16
10 16
10 17
11 17
12 17
13 17
13 16
14 16
12 16
11 16
15 16
16 16
17 16
18 16
19 16
19 17
19 18
19 19
18 19
18 20
17 20
16 20
15 20
14 20
13 20
12 20
11 20
10 20
9 20
8 20
8 19
8 18
7 18
7 17
7 19
7 20
19 20
11 22
12 21
11 21
12 22
7 22
8 22
9 22
10 22
8 23
9 23
10 23
7 23
11 23
11 24
12 24
12 25
11 25
13 26
12 26
11 26
10 26
9 26
8 26
7 26
8 25
9 25
10 25
7 25
7 27
8 27
9 27
10 27
11 27
12 27
13 27
14 27
15 27
15 26
14 26
16 26
16 25
17 25
17 26
18 26
18 25
19 25
20 25
21 25
22 25
23 25
23 26
23 27
23 28
23 29
23 30
22 30
21 30
20 30
19 30
18 30
17 30
16 30
15 30
15 29
15 28
16 28
16 27
16 29
17 29
17 28
17 27
18 28
18 27
19 28
19 27
20 27
21 27
21 26
20 26
19 26
22 26
22 27
22 28
22 29
21 29
20 29
20 28
21 28
19 29
18 29
8 17
9 17
9 18
10 19
10 18
9 19
11 19
11 18
12 18
12 19
13 19
13 18
14 18
14 17
14 19
15 19
15 18
16 18
17 18
18 18
18 17
17 17
16 17
15 17
16 19
12 23
13 23
14 23
13 22
14 22
15 23
15 22
16 22
17 22
17 23
16 23
18 23
19 22
18 22
19 23
20 23
20 22
21 22
21 23
22 23
22 22
23 22
24 22
24 23
23 23
25 23
25 22
26 22
27 22
27 23
26 23
28 23
29 23
29 22
28 22
30 22
31 22
31 23
30 23
32 23
33 23
33 22
34 22
32 22
34 23
35 23
35 22
36 22
37 22
38 22
38 23
37 23
36 23
36 21
36 20
36 19
37 19
37 18
36 18
36 17
37 17
38 17
39 17
40 17
41 17
42 17
43 17
44 17
45 17
46 17
47 17
47 18
47 19
47 20
47 21
47 22
47 23
47 24
46 24
45 24
44 24
43 24
42 24
41 24
40 24
39 24
38 24
37 24
36 24
38 21
37 21
37 20
38 20
38 19
39 19
39 20
38 18
40 19
39 18
40 18
41 19
41 18
42 18
42 19
43 19
48 22
49 22
50 22
50 23
51 22
51 21
50 21
52 21
53 21
54 21
55 21
55 22
56 22
56 21
57 21
57 22
57 23
56 23
55 23
54 23
54 22
53 22
52 22
52 23
53 23
51 23
43 18
44 18
45 18
17 19
7 28
8 28
9 28
10 28
11 28
12 28
13 28
13 25
46 18
46 19
46 20
46 21
46 22
46 23
45 23
45 22
45 21
45 20
45 19
44 23
44 22
44 21
44 20
44 19
43 23
43 22
43 21
43 20
42 21
42 22
42 23
42 20
41 20
41 21
41 22
41 23
40 23
40 22
40 21
40 20
39 21
39 22
39 23
48 18
48 17
49 17
50 17
51 17
52 17
53 17
54 17
49 18
50 18
51 18
52 18
53 18
54 18
55 18
52 16
52 15
53 15
53 16
52 14
51 15
50 15
50 14
51 14
53 14
54 14
54 15
55 14
55 15
52 13
53 13
53 12
53 11
52 11
51 11
52 12
51 12
50 12
49 12
50 11
49 11
48 12
47 12
46 12
45 12
44 11
44 12
43 11
42 10
41 9
40 9
40 8
39 7
39 6
38 5
38 4
39 4
40 3
40 2
39 2
38 2
37 2
36 2
35 2
35 3
34 3
34 4
34 5
33 5
32 5
31 5
30 5
29 5
28 5
27 5
26 5
26 4
25 4
24 4
23 4
22 4
21 4
20 4
19 4
18 4
18 3
18 2
17 2
16 2
15 2
14 2
13 2
12 2
11 2
11 1
10 1
9 1
8 1
8 2
7 2
7 1
6 1
5 1
5 2
4 2
4 3
4 4
4 5
4 6
4 7
3 7
3 8
4 8
5 8
6 8
7 8
8 8
9 8
10 8
11 8
12 8
13 8
14 8
15 8
16 8
16 9
16 7
17 7
17 6
18 6
19 6
20 6
21 6
22 6
23 6
24 7
25 8
25 9
24 10
23 11
23 10
22 11
21 11
20 11
19 11
18 11
18 12
19 13
20 14
21 14
22 13
23 13
24 13
25 13
26 13
26 12
27 11
28 11
28 10
28 9
29 9
29 8
29 7
30 7
31 7
32 7
33 6
34 6
35 6
32 6
36 6
36 7
36 8
37 8
37 9
37 10
37 11
36 12
36 11
35 12
37 13
36 13
38 13
38 14
39 14
40 14
40 13
41 13
42 13
43 12
42 12
41 12
40 12
39 13
39 12
38 12
37 12
38 11
38 10
38 9
38 8
39 8
39 9
39 10
40 10
40 11
41 11
41 10
42 11
39 11
45 11
38 7
38 6
37 7
37 6
37 5
37 4
38 3
39 3
37 3
36 4
36 5
35 5
35 4
36 3
31 6
30 6
29 6
28 6
28 7
27 7
26 7
33 3
28 8
27 8
26 8
27 9
26 9
27 10
26 10
26 11
25 12
25 11
25 10
24 12
24 11
23 12
22 12
21 12
20 12
19 12
20 13
21 13
27 6
26 6
25 7
25 6
25 5
24 5
24 6
23 5
22 5
21 5
20 5
19 5
18 5
17 5
17 4
16 4
16 3
17 3
15 4
15 5
15 6
16 5
16 6
14 7
15 7
14 6
13 6
13 5
14 5
13 4
14 4
14 3
13 3
15 3
12 3
11 3
10 3
10 2
9 2
8 3
9 3
12 4
12 5
11 5
11 6
10 6
10 5
9 5
11 4
10 4
12 6
13 7
12 7
11 7
9 6
8 6
7 6
7 5
8 4
9 4
8 5
6 5
6 4
7 4
7 3
6 2
6 3
10 7
9 7
8 7
7 7
6 7
5 6
6 6
5 7
5 5
5 4
5 3
55 17
56 17
57 17
58 17
59 17
60 17
56 18
57 18
58 18
59 18
60 18
61 17
62 17
63 17
64 17
65 17
66 17
67 17
68 17
61 18
62 18
63 18
64 18
65 18
66 18
69 17
70 17
67 18
68 18
69 18
70 18
71 18
72 18
73 18
71 17
72 17
71 16
72 16
70 16
70 15
71 15
72 15
73 15
74 15
74 14
73 14
72 14
71 14
73 13
72 13
71 13
74 13
70 14
69 14
68 14
68 13
69 13
70 13
69 15
68 15
64 16
65 16
65 15
64 15
64 14
64 13
64 12
65 12
65 11
65 13
65 14
64 11
64 10
63 11
63 12
63 13
63 14
63 15
63 16
62 16
62 15
62 14
62 13
62 12
62 11
62 10
63 10
65 10
65 9
66 9
67 9
68 9
68 8
68 7
67 7
67 8
66 8
65 8
64 8
64 9
63 9
62 9
63 8
61 9
60 9
59 9
61 10
60 10
59 10
58 9
58 8
58 7
58 10
58 6
59 5
59 4
60 4
58 5
58 4
59 3
60 3
61 2
62 2
63 2
64 2
65 2
66 2
68 6
68 5
67 6
67 5
67 4
68 4
68 3
67 3
69 9
69 8
69 7
69 6
69 5
69 4
66 4
65 4
64 4
65 3
64 3
66 3
63 4
62 4
63 3
62 3
61 3
61 4
60 2
63 5
64 5
65 5
66 5
66 6
66 7
65 7
64 7
64 6
65 6
63 7
63 6
62 8
62 7
62 6
61 8
61 7
61 6
61 5
62 5
60 8
60 7
60 6
60 5
59 7
59 6
59 8
66 10
68 10
69 10
67 10
75 15
75 14
75 13
73 17
74 17
75 17
76 17
77 17
78 17
79 17
80 17
81 17
82 17
83 17
84 17
85 17
86 17
87 17
88 17
89 17
89 18
90 18
91 18
92 18
93 18
94 18
94 17
95 17
96 17
93 17
92 17
91 17
90 17
74 18
75 18
76 18
77 18
78 18
79 18
80 18
81 18
82 18
83 18
84 18
85 18
86 18
87 18
88 18
84 16
85 16
86 16
84 15
85 15
83 15
83 14
84 13
85 13
85 14
84 14
83 13
82 14
82 13
81 13
80 13
81 14
80 14
80 15
81 15
82 15
86 15
86 14
87 14
88 14
89 14
90 14
90 13
90 15
89 15
88 15
87 15
89 13
88 13
87 13
86 13
82 12
83 12
84 12
85 12
86 12
87 12
88 12
88 11
87 11
86 11
85 11
84 11
83 11
82 11
82 10
81 10
80 10
80 9
81 9
82 9
81 8
82 8
80 8
83 8
83 9
84 9
84 10
83 10
85 9
86 9
85 8
86 8
87 8
84 8
88 8
89 8
89 9
90 9
90 10
90 8
89 10
88 10
87 10
86 10
88 9
87 9
85 10
97 17
98 17
98 18
97 18
96 18
95 18
94 19
95 19
96 19
93 19
94 20
94 21
94 22
94 23
94 24
94 25
95 20
96 20
96 21
96 22
96 23
95 23
95 24
95 22
95 21
95 25
95 26
96 26
96 27
95 27
95 28
95 29
95 30
96 24
96 25
96 28
93 20
93 21
94 26
94 27
93 22
93 23
93 24
93 25
93 26
93 27
93 28
93 29
93 30
94 30
94 31
94 32
94 29
94 28
94 33
93 33
93 32
93 31
96 29
96 30
96 31
96 32
96 33
96 34
96 35
96 36
95 31
95 32
95 33
95 34
95 35
95 36
95 37
94 38
94 37
94 36
94 34
94 35
93 36
93 35
93 34
93 37
92 37
91 37
90 37
93 38
92 38
91 38
90 38
89 38
95 38
96 38
97 38
98 38
99 38
100 38
100 37
101 37
102 37
103 37
104 37
105 37
106 37
106 38
105 38
104 38
103 38
102 38
101 38
99 37
98 37
97 37
96 37
107 32
107 33
107 34
107 35
107 36
107 37
107 38
108 38
108 39
108 40
107 39
108 34
108 33
108 32
108 35
108 36
108 37
109 33
109 32
110 32
111 32
112 32
113 32
114 32
114 33
114 34
114 35
113 35
112 35
111 35
110 35
109 35
109 34
110 34
111 34
112 34
113 34
113 33
112 33
111 33
110 33
97 31
98 31
99 31
100 31
101 31
102 31
99 28
100 28
100 29
100 30
100 32
99 32
99 30
99 29
100 33
99 33
101 33
102 33
102 32
103 32
103 31
103 30
101 32
101 28
101 29
101 30
102 30
102 29
103 29
103 28
102 28
104 28
105 28
106 28
107 28
108 28
109 28
109 27
108 27
108 26
108 25
107 25
107 26
107 27
108 29
110 28
107 29
109 29
110 29
111 28
112 28
111 29
97 21
98 21
99 21
99 22
99 20
100 20
101 20
102 20
103 20
104 20
105 20
105 21
106 21
106 22
105 22
106 20
104 22
104 21
103 22
102 22
103 21
102 21
101 21
101 22
100 22
100 21
103 33
104 33
104 32
104 31
104 30
104 29
112 29
113 29
113 28
113 27
114 27
114 28
114 29
113 26
114 26
112 26
111 26
112 27
111 27
110 27
110 26
109 26
109 25
110 25
111 25
112 25
113 25
114 25
110 24
109 24
109 23
109 22
110 22
110 23
110 21
109 21
109 20
109 19
110 19
110 20
109 18
109 17
110 18
110 17
110 16
109 16
110 15
108 16
107 16
107 15
108 15
109 15
106 16
105 16
104 16
107 17
106 17
105 17
104 17
103 16
102 16
102 17
103 17
101 17
101 16
101 15
101 14
102 14
103 14
104 14
105 14
106 14
104 15
103 15
102 15
105 15
106 15
108 17
111 17
112 17
112 16
112 15
111 15
111 16
111 14
112 14
110 14
107 14
108 14
109 14
110 13
110 12
110 11
109 13
109 12
109 11
108 11
107 11
106 11
105 11
104 11
103 11
104 10
103 10
103 9
104 9
104 8
104 7
103 8
103 7
103 6
104 6
102 6
101 6
100 6
103 5
104 5
102 5
101 5
100 5
100 7
99 7
99 8
99 6
99 5
101 7
102 7
101 8
100 8
102 8
106 39
106 40
106 41
105 39
105 40
105 41
105 42
105 43
106 43
106 44
106 45
106 42
107 42
107 43
107 41
108 41
107 40
107 44
107 45
107 46
107 47
107 48
107 49
107 50
107 51
107 52
107 53
108 53
108 52
108 51
108 50
108 49
108 48
108 47
108 46
108 45
108 44
108 43
108 42
105 44
105 45
105 46
105 47
106 47
106 46
106 48
106 49
106 50
106 51
106 52
106 53
105 52
105 51
105 50
105 49
105 48
80 31
81 31
82 31
82 32
83 32
84 32
85 32
83 31
84 31
85 31
86 31
87 31
88 31
88 32
88 33
88 34
88 35
88 36
87 36
87 37
87 38
88 37
88 38
88 39
88 40
87 40
86 40
85 40
84 40
83 40
83 39
84 39
85 39
85 38
86 38
89 37
87 39
86 39
82 40
81 40
80 40
79 40
78 40
77 40
76 40
75 40
75 39
74 40
74 39
74 38
74 37
75 37
75 36
74 35
74 36
75 35
75 34
74 34
76 34
76 35
77 35
78 35
79 35
77 34
78 34
80 35
80 34
80 33
80 32
79 34
76 39
76 38
75 38
77 38
77 39
78 39
79 39
80 39
81 39
82 39
79 38
80 38
81 38
78 38
82 38
83 38
84 38
81 37
82 37
83 37
84 37
85 37
86 37
80 37
79 37
78 37
77 37
76 37
76 36
77 36
78 36
79 36
84 36
83 36
82 36
81 36
80 36
85 36
86 36
87 35
87 34
87 33
86 33
86 32
87 32
86 34
86 35
85 34
85 33
85 35
84 35
84 34
84 33
83 35
83 34
83 33
82 33
82 34
82 35
81 34
81 33
81 32
81 35
73 36
73 35
72 35
71 35
70 35
72 36
71 36
70 36
69 35
68 36
69 36
67 36
66 36
66 35
66 31
67 31
68 31
69 31
99 27
100 27
101 27
102 27
103 27
104 27
105 27
66 32
66 33
66 34
67 35
67 34
67 33
67 32
68 32
68 35
68 34
68 33
69 34
69 33
69 32
66 37
66 38
66 39
66 40
66 41
66 42
67 42
67 43
67 44
67 45
67 46
66 43
66 44
66 45
66 46
66 47
66 48
66 49
66 50
66 51
66 52
66 53
69 37
68 37
68 38
69 38
69 39
68 39
68 40
68 41
69 41
69 40
67 41
67 40
67 37
67 38
67 39
69 42
68 42
68 43
69 43
69 44
68 45
69 45
68 44
69 46
69 47
69 48
69 49
69 50
68 50
68 51
69 51
69 52
68 52
68 53
69 53
67 53
67 52
67 51
68 49
68 48
68 47
68 46
67 47
67 48
67 49
56 34
57 34
58 34
59 35
59 34
60 34
61 34
56 35
57 35
56 36
57 36
58 36
59 36
60 36
61 36
61 35
60 35
58 35
62 35
63 35
64 35
65 35
58 37
58 38
58 39
58 40
58 41
58 42
58 43
59 43
59 42
59 41
60 40
59 40
59 37
59 38
59 39
56 38
57 38
57 39
57 40
56 39
56 40
56 41
56 42
56 43
57 43
57 42
57 41
60 39
60 38
61 38
62 38
63 39
63 38
63 40
63 41
63 42
63 43
60 43
61 43
62 43
60 42
61 42
62 42
62 41
62 40
62 39
61 39
61 40
61 41
60 41
55 43
55 42
50 41
51 41
52 41
52 42
53 42
53 41
54 41
54 42
54 43
54 44
50 44
51 44
52 44
53 44
50 43
50 42
51 42
51 43
52 43
53 43
52 45
52 46
53 45
53 46
54 46
55 46
56 46
57 46
58 46
59 46
60 46
61 46
62 46
63 46
64 46
65 46
50 46
51 46
50 47
51 47
52 47
53 47
54 47
55 47
56 47
57 47
58 47
59 47
60 47
61 47
62 47
63 47
64 47
65 47
67 50
70 47
71 47
72 47
73 47
74 47
75 47
76 47
77 47
78 47
70 46
71 46
72 46
74 46
73 46
75 46
76 46
77 46
79 47
78 45
78 46
78 44
79 44
80 44
81 44
82 44
83 44
84 44
84 45
84 46
84 47
84 48
83 48
82 48
81 48
80 48
79 48
78 48
80 47
81 47
82 47
83 47
79 46
80 46
81 46
82 46
83 46
79 45
80 45
81 45
82 45
83 45
85 46
86 46
87 46
85 47
86 47
87 47
88 45
89 45
87 45
87 44
88 44
89 44
90 44
91 44
92 44
87 48
87 49
88 49
89 49
90 49
91 49
92 49
92 45
92 46
92 47
92 48
88 46
88 47
88 48
89 47
89 48
89 46
90 45
91 45
91 46
91 47
90 47
90 46
90 48
91 48
104 47
103 47
102 47
102 48
101 48
100 48
99 48
98 48
97 48
97 47
98 46
98 45
98 47
97 46
97 45
99 45
99 44
100 44
101 44
102 44
98 44
97 44
102 45
102 46
101 46
101 45
100 45
100 46
100 47
99 47
99 46
101 47
100 43
100 42
99 42
98 42
97 42
96 42
95 42
94 42
70 52
71 52
72 52
73 52
73 53
74 53
75 53
76 53
77 53
78 53
79 53
80 53
81 53
82 53
83 53
84 53
85 53
86 53
87 53
88 53
89 53
90 53
91 53
92 53
92 52
93 52
94 52
95 52
96 52
97 52
98 52
99 52
100 52
101 52
102 52
103 52
104 52
93 53
94 53
95 53
96 53
97 53
98 53
99 53
100 53
101 53
102 53
103 53
104 53
105 53
70 53
71 53
72 53
74 52
75 52
76 52
77 52
78 52
79 52
80 52
81 52
82 52
83 52
84 52
85 52
86 52
87 52
88 52
89 52
90 52
91 52
17 8
48 11
65 52
64 52
63 52
63 53
62 53
61 53
61 52
62 52
65 53
64 53
60 52
59 52
58 52
60 53
59 53
58 53
58 49
58 50
58 51
59 49
59 50
59 51
56 50
57 50
56 49
57 49
60 49
61 49
60 50
61 50
84 54
84 55
84 56
84 57
84 58
84 59
83 54
83 55
83 56
83 57
83 58
83 59
85 54
85 55
85 56
85 57
85 58
85 59
87 54
86 54
86 55
86 56
86 57
86 58
86 59
87 55
87 56
87 57
87 58
87 59
88 59
89 59
90 59
91 59
92 59
93 59
88 58
89 58
90 58
91 58
92 58
93 58
94 56
94 57
94 58
94 59
94 60
95 60
95 61
94 61
93 56
93 57
93 60
93 61
96 61
97 61
98 61
99 61
95 56
96 56
97 56
98 56
99 56
100 56
100 61
100 60
100 59
100 58
100 57
96 60
97 60
98 60
99 60
95 59
96 59
97 59
98 59
99 59
95 58
96 58
97 58
98 58
99 58
95 57
96 57
97 57
98 57
99 57
106 61
105 61
104 61
106 60
105 60
104 60
103 60
102 60
101 60
103 61
102 59
102 58
101 58
101 59
101 57
102 57
103 57
104 57
105 57
106 57
103 56
104 56
105 56
106 56
93 40
94 40
95 40
96 40
97 40
97 41
98 41
98 40
93 41
93 42
94 41
95 41
96 41
63 21
64 21
65 21
66 21
67 21
67 22
62 21
62 22
63 22
64 22
65 22
66 22
64 23
64 24
64 25
64 26
63 26
63 27
64 27
65 27
63 28
64 28
65 28
66 28
66 27
67 27
68 27
68 28
67 28
65 23
65 24
66 24
67 24
68 24
63 24
62 24
62 25
62 26
62 27
62 28
63 25
65 25
65 26
66 25
66 26
67 26
67 25
68 25
68 26
69 24
69 25
69 26
69 27
69 28
70 31
71 31
72 31
73 31
74 31
75 31
76 31
70 32
71 32
72 32
73 32
74 32
75 32
76 32
76 30
77 30
77 29
77 28
77 27
77 31
77 32
76 29
76 28
77 26
76 27
75 28
74 28
75 29
74 29
74 27
74 26
74 25
74 24
74 23
74 22
75 22
76 22
77 22
78 22
79 22
80 22
81 22
82 22
83 22
84 22
85 22
86 22
87 22
88 22
74 21
75 21
76 21
77 21
78 21
79 21
80 21
81 21
82 21
83 21
84 21
85 21
86 21
87 21
88 21
77 25
77 24
77 23
76 23
75 23
75 24
75 25
75 26
75 27
76 26
76 25
76 24
78 26
79 26
80 26
81 26
82 26
83 25
84 25
78 25
79 25
80 25
81 25
82 25
83 26
84 26
85 26
86 26
85 25
86 25
88 23
88 24
88 25
88 26
88 27
88 28
87 28
86 28
86 27
87 27
87 26
87 25
86 24
86 23
87 23
87 24
86 29
87 29
45 27
46 27
47 27
48 27
47 26
46 26
48 26
49 26
48 28
49 28
50 28
51 28
52 28
53 28
54 28
52 27
51 27
50 27
49 27
50 26
51 26
52 26
53 27
54 27
55 27
55 28
55 29
55 30
54 30
54 29
53 29
52 29
51 29
50 29
47 28
46 28
45 28
45 26
44 27
44 28
45 29
46 29
47 29
48 29
49 29
51 30
52 30
53 30
65 31
64 31
63 31
62 31
61 31
60 31
59 31
58 31
57 31
57 32
56 32
55 32
54 32
53 32
53 31
52 32
52 31
55 31
56 31
54 31
59 32
58 32
60 32
61 32
62 32
63 32
64 32
65 32
51 49
50 49
49 49
48 49
47 49
46 49
46 50
48 50
50 50
51 50
49 50
47 50
48 51
49 51
49 52
48 52
50 52
51 52
52 52
53 52
54 52
55 52
55 53
56 53
57 53
57 52
56 52
56 54
56 55
57 54
57 55
57 56
57 57
57 58
57 59
56 59
56 58
56 57
56 56
55 58
55 57
55 56
55 55
55 54
54 57
54 56
54 55
54 54
54 53
54 58
53 58
53 57
52 57
52 58
52 59
53 60
53 61
52 61
52 62
52 60
54 61
54 60
53 59
54 59
55 59
55 60
55 61
53 62
54 62
55 62
56 62
57 62
58 62
59 62
59 61
60 62
61 62
61 61
60 61
61 60
61 59
61 58
61 57
60 57
59 57
58 57
59 58
60 58
60 60
60 59
59 60
59 59
58 58
58 59
58 60
58 61
57 61
56 61
56 60
57 60
62 59
63 60
63 59
64 59
63 58
64 58
65 58
65 60
64 60
63 61
64 61
65 61
65 59
66 59
67 59
67 58
66 58
68 58
69 58
70 58
71 58
72 58
70 57
71 57
72 57
73 57
74 57
75 57
76 57
76 58
76 59
76 60
76 61
75 61
75 60
75 59
75 58
74 58
74 59
74 60
74 61
73 61
73 60
73 59
73 58
72 60
72 59
71 59
70 59
69 59
69 60
68 60
68 59
71 60
70 60
67 60
66 60
66 61
67 61
68 61
69 61
70 61
71 61
72 61
62 60
53 53
52 53
51 53
50 53
49 53
48 53
47 53
46 53
45 53
44 53
43 53
42 53
41 53
40 53
39 53
38 53
37 53
36 53
35 53
34 53
33 53
32 53
31 53
30 53
29 53
29 49
29 50
29 51
29 52
28 51
28 50
28 49
27 49
26 49
25 49
24 49
23 49
22 49
21 49
27 50
26 50
25 50
24 50
23 50
22 50
21 50
28 52
28 53
30 49
31 49
31 50
30 50
30 51
30 52
31 51
31 52
32 52
33 52
34 52
35 52
36 52
37 52
38 52
39 52
40 52
41 52
42 52
43 52
44 52
45 52
46 52
47 52
39 51
38 51
38 50
38 49
37 50
37 49
36 50
36 49
39 49
40 49
41 49
41 50
39 50
40 50
33 54
33 55
35 55
34 55
32 55
31 55
30 55
29 55
35 56
35 57
35 58
35 59
34 58
34 57
34 56
33 57
33 58
33 59
32 58
32 57
32 56
33 56
31 58
31 57
30 57
30 56
31 56
29 57
29 56
29 58
28 58
28 57
29 59
28 59
27 59
30 59
31 59
32 59
34 59
30 58
28 56
27 56
27 57
27 58
26 57
25 58
25 57
25 56
25 55
25 54
25 53
24 53
23 53
23 54
22 54
21 54
20 54
19 54
19 53
20 53
21 53
22 53
20 55
20 56
19 57
19 56
19 55
19 58
20 58
20 57
21 57
21 58
22 58
22 57
22 56
21 56
21 55
22 55
23 55
24 54
24 55
24 56
24 57
24 58
23 58
23 56
23 57
20 50
20 49
19 48
19 49
19 50
19 51
18 51
17 51
18 50
17 50
17 49
18 49
17 48
18 48
16 49
16 50
15 50
15 49
15 45
15 46
15 47
15 48
15 51
15 52
15 53
15 54
14 54
13 54
12 54
11 54
10 54
9 54
8 54
7 54
7 53
7 52
7 51
7 50
7 49
7 48
7 47
7 46
7 45
8 45
9 45
10 45
11 45
12 45
13 45
14 45
8 44
9 44
10 44
11 44
12 44
13 44
14 44
10 43
11 43
12 43
8 55
9 55
10 55
11 55
12 55
13 55
14 55
8 53
9 53
10 53
11 53
12 53
13 53
14 53
14 52
13 52
12 52
11 52
10 52
9 52
8 52
8 51
9 51
10 51
11 51
12 51
13 51
14 51
14 50
13 50
12 50
11 50
10 50
9 50
8 50
8 49
8 48
9 48
10 48
11 48
12 48
13 48
13 49
12 49
11 49
10 49
9 49
14 49
14 48
14 47
14 46
13 46
12 46
11 46
11 47
10 47
9 47
8 47
8 46
9 46
10 46
12 47
29 48
29 47
29 46
31 44
30 44
29 44
28 44
27 44
26 44
25 44
24 44
23 44
22 44
21 44
21 45
22 45
23 45
24 45
25 45
26 45
27 45
28 45
29 45
30 45
31 45
31 46
30 46
28 46
27 46
27 47
28 47
31 47
30 47
25 43
25 42
25 41
25 40
25 39
26 43
26 42
26 41
26 40
26 39
26 38
27 43
27 42
27 41
27 40
27 39
27 38
27 37
27 36
27 35
27 34
27 33
26 33
25 33
24 33
23 33
22 33
21 33
20 33
19 33
18 33
17 33
17 32
16 32
15 32
14 32
13 32
12 32
11 32
11 33
11 34
11 35
12 35
13 35
13 34
14 34
14 35
15 35
15 36
13 37
14 37
15 37
16 37
17 37
18 37
19 37
13 38
14 38
15 38
16 38
17 38
18 38
19 38
16 36
16 35
12 33
12 34
13 33
14 33
15 33
16 33
16 34
13 47
15 34
17 34
18 34
19 34
20 34
21 34
22 34
23 34
24 34
25 34
26 34
26 35
26 36
26 37
25 35
25 36
25 37
25 38
18 35
17 35
44 29
43 29
42 29
41 29
40 29
39 29
38 29
37 29
36 29
43 30
42 30
41 30
40 30
39 30
38 30
37 30
36 30
43 31
42 31
41 31
40 31
39 31
38 31
37 31
36 31
39 32
39 33
40 32
40 33
41 32
41 33
38 32
38 33
33 34
34 34
35 34
36 34
37 34
38 34
39 34
40 34
41 34
42 34
43 34
44 34
45 34
46 34
47 34
48 34
49 34
49 35
48 35
47 35
46 35
45 35
44 35
43 35
42 35
41 35
40 35
39 35
38 35
37 35
36 35
35 35
34 35
33 35
33 36
34 36
35 36
36 36
37 36
38 36
39 36
40 36
41 36
42 36
43 36
44 36
45 36
46 36
47 36
48 36
49 36
45 37
45 38
45 39
40 39
41 39
42 39
43 39
44 39
46 39
47 39
48 39
49 39
48 38
47 38
46 38
44 38
43 38
42 38
41 38
40 38
49 38
43 40
43 41
35 41
36 41
37 41
38 41
39 41
40 41
41 41
42 41
44 41
45 41
45 42
44 42
43 42
42 42
41 42
40 42
39 42
38 42
43 28
42 28
41 28
40 28
39 28
38 28
37 28
36 28
33 33
34 33
35 33
36 33
37 33
42 33
43 33
44 33
45 33
46 33
47 33
48 33
49 33
37 42
36 42
35 42
34 42
34 41
63 44
62 44
61 44
60 44
59 44
58 44
57 44
