96
37 17 1
37 18 1
37 19 1
37 20 1
37 21 1
37 22 1
37 23 1
38 23 1
39 23 1
39 22 1
39 21 1
38 21 1
38 20 1
38 19 1
38 18 1
38 17 1
38 22 1
39 20 1
39 19 1
39 18 1
39 17 1
40 17 1
41 17 1
41 18 1
40 18 1
40 19 1
40 20 1
40 21 1
40 22 1
40 23 1
40 24 1
41 23 1
41 22 1
41 21 1
41 20 1
41 19 1
42 21 1
42 22 1
42 23 1
42 24 1
43 23 1
43 22 1
43 21 1
42 20 1
42 19 1
42 18 1
42 17 1
42 16 1
42 15 1
41 16 1
39 24 1
39 25 1
39 26 1
38 26 1
37 25 1
36 25 1
36 24 1
36 23 1
37 24 1
38 24 1
41 24 1
38 25 1
37 26 1
36 26 1
36 22 1
36 21 1
36 20 1
36 19 1
36 18 1
36 17 1
36 16 1
37 16 1
38 16 1
40 16 1
39 16 1
36 15 1
37 15 1
38 15 1
39 15 1
40 15 1
41 15 1
40 25 1
40 26 1
41 26 1
42 26 1
42 25 1
41 25 1
43 24 1
43 25 1
43 26 1
43 20 1
43 19 1
43 18 1
43 17 1
43 16 1
43 15 1
