205
451 198
462 198
473 209
495 220
506 220
506 231
517 231
528 242
528 253
517 253
506 264
495 264
484 275
462 275
451 264
440 253
451 242
462 231
473 220
484 220
495 231
495 242
484 253
462 253
462 242
495 209
517 209
528 209
539 209
539 220
550 220
550 231
506 407
495 407
484 407
473 407
462 407
462 396
451 396
440 396
429 396
429 407
429 418
440 418
440 429
451 451
451 462
462 473
462 484
473 484
484 473
495 473
506 462
517 451
528 451
528 440
539 429
539 418
550 418
550 407
550 396
550 385
550 374
550 363
550 352
550 341
550 330
550 319
539 319
528 330
517 330
506 330
506 341
495 341
484 341
484 352
473 352
473 363
473 374
462 385
473 418
484 418
495 418
506 418
517 418
528 418
539 407
561 385
561 374
572 374
572 363
583 363
594 363
594 352
605 352
616 352
627 352
638 363
649 363
649 374
649 385
638 396
638 407
638 418
638 429
627 429
627 440
572 231
583 220
594 209
594 198
605 187
616 187
627 176
638 176
649 176
660 176
671 176
682 176
693 187
704 187
715 198
726 198
726 209
737 209
737 220
737 231
726 231
726 220
715 187
704 176
715 165
726 154
737 143
748 132
770 132
781 121
792 132
803 143
803 154
803 165
803 176
792 187
781 187
770 198
759 198
759 187
759 176
770 165
781 143
803 132
814 121
836 121
858 121
858 132
880 132
880 143
891 154
891 165
891 176
880 187
869 198
858 209
847 209
836 198
825 198
825 176
836 165
946 77
1001 44
1012 44
1034 55
1045 55
1056 77
1067 88
1067 99
1067 121
1067 132
1056 143
1034 154
1001 154
990 154
979 154
968 143
968 132
968 110
1001 99
1012 88
1034 88
1045 88
1056 88
1078 110
1078 121
1078 143
1067 143
1067 154
1045 165
1034 165
1023 165
1012 165
1012 154
1001 143
1012 132
1034 132
1045 121
