770
77 176
88 176
99 187
99 176
110 176
121 176
132 176
143 176
154 176
165 176
165 187
176 187
187 187
187 176
198 176
176 176
209 176
209 187
198 187
198 198
209 198
209 209
209 220
198 220
187 220
176 220
165 220
154 220
143 220
132 220
121 220
110 220
110 209
99 209
88 209
88 198
88 187
77 187
77 198
77 209
77 220
88 220
99 220
110 198
99 198
110 187
121 187
132 187
143 187
154 187
165 198
176 198
187 198
198 209
187 209
176 209
165 209
154 209
143 209
143 198
154 198
132 198
132 209
121 209
121 198
132 231
132 242
121 242
121 231
121 253
110 253
99 253
88 253
88 242
99 242
110 242
77 242
77 253
132 253
143 253
154 253
165 253
176 253
187 253
198 253
209 253
220 253
231 253
242 253
242 242
253 242
253 253
264 253
275 253
286 253
297 253
308 253
319 253
330 253
330 242
341 253
352 253
363 253
374 253
374 242
385 242
396 242
407 242
407 253
396 253
385 253
363 242
352 242
341 242
297 242
308 242
319 242
275 242
286 242
264 242
220 242
231 242
209 242
198 242
187 242
176 242
165 242
154 242
143 242
132 264
121 264
121 275
132 275
132 286
121 286
110 286
99 286
88 286
77 286
88 275
99 275
110 275
77 275
77 308
77 297
99 297
88 297
121 308
121 297
110 297
154 297
143 297
132 297
143 286
154 286
165 297
165 286
176 286
187 286
198 286
187 297
176 297
198 297
209 297
220 297
231 297
209 286
220 286
220 275
231 275
242 275
231 286
165 275
176 275
187 275
198 275
209 275
242 286
253 286
253 275
264 275
264 286
264 297
264 308
253 308
253 319
253 330
242 319
242 308
242 297
253 297
264 319
264 330
242 330
231 330
231 319
231 308
220 308
209 308
198 308
187 308
176 308
165 308
220 330
220 319
209 319
198 319
187 319
176 319
165 319
165 330
176 330
187 330
198 330
209 330
143 275
132 308
110 308
154 308
143 308
99 308
88 308
407 231
407 220
407 209
407 198
407 187
396 187
396 198
396 209
396 231
396 220
407 264
396 264
396 275
407 275
418 275
429 275
440 275
440 264
451 264
462 264
473 264
484 264
495 264
506 264
429 264
418 264
429 253
418 253
418 242
418 231
418 220
418 209
418 198
429 198
429 187
418 187
440 198
440 209
440 220
440 231
440 242
429 242
429 231
429 220
429 209
440 253
451 253
462 253
473 253
484 253
495 253
506 253
517 253
517 242
506 242
495 242
484 242
473 242
462 242
451 242
451 231
462 231
473 231
484 231
495 231
506 231
517 231
517 220
506 220
495 220
484 220
473 220
451 220
451 209
462 209
473 209
462 220
484 209
495 209
506 209
517 209
517 198
506 198
495 198
484 198
473 198
462 198
440 187
451 187
462 187
451 198
495 187
484 187
473 187
506 187
517 187
528 187
528 198
539 187
539 198
550 198
561 198
572 198
561 187
550 187
572 187
583 187
583 176
572 176
583 165
572 165
561 165
550 165
550 154
561 154
572 154
583 154
594 154
605 154
605 165
594 165
583 143
572 143
572 132
583 132
561 132
561 121
550 121
539 132
539 121
528 132
517 132
506 132
495 132
484 132
473 132
462 132
451 132
451 143
440 143
429 143
440 132
429 132
429 154
440 154
418 154
418 143
407 143
407 132
396 132
396 143
385 132
396 121
407 121
418 121
418 132
429 121
440 121
451 121
462 121
473 121
484 121
495 121
462 110
451 110
440 110
429 110
418 110
407 110
407 99
418 99
429 99
440 99
429 88
418 88
407 88
396 88
407 77
418 77
429 77
407 66
418 66
407 55
396 55
385 55
385 66
396 66
407 44
418 44
418 55
418 33
429 33
429 44
440 44
440 33
407 33
407 22
418 22
429 22
396 22
385 22
396 33
385 33
385 44
396 44
374 33
374 44
374 55
374 66
363 66
352 66
352 55
363 55
341 66
341 77
330 66
330 55
341 55
319 66
308 66
308 77
308 88
308 99
319 99
319 88
308 110
297 110
297 121
308 121
319 121
286 121
286 132
297 132
286 143
275 143
264 143
253 143
242 143
231 143
220 143
209 143
209 132
198 132
198 121
209 121
220 121
220 132
231 132
242 132
242 121
231 121
253 121
253 132
264 132
264 121
275 121
275 132
264 110
253 110
275 110
286 110
297 99
286 99
275 99
275 88
286 88
297 88
297 77
286 77
275 77
264 77
264 66
275 66
286 66
297 66
308 55
297 55
319 55
297 44
286 44
275 44
275 55
264 55
286 55
264 44
253 44
253 55
253 66
242 66
242 55
242 44
231 44
231 55
231 66
220 66
220 55
220 44
209 55
198 55
198 44
209 44
209 66
198 66
187 55
176 55
187 66
187 44
187 33
198 33
198 22
187 22
176 22
187 11
176 33
165 44
165 33
176 44
165 55
176 66
176 77
176 88
187 77
165 77
165 88
165 66
154 77
154 88
143 88
143 77
154 66
143 66
154 55
154 44
165 22
154 22
154 33
143 33
143 44
143 22
132 22
121 22
121 11
110 11
99 11
99 22
88 22
110 22
77 22
77 11
88 11
66 11
55 11
55 22
44 22
44 33
55 33
44 44
55 44
66 44
77 33
66 22
66 33
55 55
55 66
55 77
44 77
44 88
33 88
66 66
44 55
66 55
77 77
66 77
66 88
77 88
55 88
88 88
99 88
110 88
121 88
132 88
132 77
121 77
110 77
99 77
88 77
77 66
88 66
99 66
110 66
121 66
132 66
143 55
132 55
121 55
110 55
99 55
88 55
77 55
77 44
88 44
99 44
110 44
121 44
121 33
132 33
110 33
99 33
88 33
132 44
528 121
572 121
583 198
594 198
605 198
605 187
594 187
616 187
627 187
638 187
649 187
660 187
671 187
682 187
693 187
693 176
704 176
715 176
715 187
704 187
660 198
649 198
638 198
627 198
616 198
693 198
682 198
671 198
704 198
726 187
737 187
748 187
748 198
759 198
770 198
781 198
792 198
803 198
814 198
825 198
836 198
847 198
858 198
869 198
880 198
891 198
902 198
913 198
924 198
935 198
946 198
957 198
968 198
979 198
990 198
1001 198
1012 198
1023 198
1023 187
1034 198
1034 209
1034 220
1034 231
1034 242
1034 253
1034 264
1034 275
1034 286
1045 286
1045 297
1045 308
1045 319
1045 330
1056 330
1056 341
1056 352
1056 363
1056 374
1056 385
1056 396
1045 396
1045 385
1045 374
1045 363
1045 352
1045 341
1034 330
1034 341
1034 352
1034 363
1034 374
1034 385
1034 396
1034 407
1023 396
1023 385
1023 374
1023 363
1023 352
1023 341
1023 330
1023 319
1023 308
1023 297
1034 319
1034 308
1034 297
1056 319
1056 308
1056 297
1056 286
1056 275
1056 264
1056 253
1056 242
1056 231
1056 220
1056 209
1056 198
1056 187
1067 187
1078 187
1078 198
1067 198
1045 198
1045 187
1034 187
990 187
1001 187
1012 187
957 187
968 187
979 187
968 176
957 176
946 176
946 187
935 187
