768
7 16
8 16
9 17
9 16
10 16
11 16
12 16
13 16
14 16
15 16
15 17
16 17
17 17
17 16
18 16
16 16
19 16
19 17
18 17
18 18
19 18
19 19
19 20
18 20
17 20
16 20
15 20
14 20
13 20
12 20
11 20
10 20
10 19
9 19
8 19
8 18
8 17
7 17
7 18
7 19
7 20
8 20
9 20
10 18
9 18
10 17
11 17
12 17
13 17
14 17
15 18
16 18
17 18
18 19
17 19
16 19
15 19
14 19
13 19
13 18
14 18
12 18
12 19
11 19
11 18
12 21
12 22
11 22
11 21
11 23
10 23
9 23
8 23
8 22
9 22
10 22
7 22
7 23
12 23
13 23
14 23
15 23
16 23
17 23
18 23
19 23
20 23
21 23
22 23
22 22
23 22
23 23
24 23
25 23
26 23
27 23
28 23
29 23
30 23
30 22
31 23
32 23
33 23
34 23
34 22
35 22
36 22
37 22
37 23
36 23
35 23
33 22
32 22
31 22
27 22
28 22
29 22
25 22
26 22
24 22
20 22
21 22
19 22
18 22
17 22
16 22
15 22
14 22
13 22
12 24
11 24
11 25
12 25
12 26
11 26
10 26
9 26
8 26
7 26
8 25
9 25
10 25
7 25
7 28
7 27
9 27
8 27
11 28
11 27
10 27
14 27
13 27
12 27
13 26
14 26
15 27
15 26
16 26
17 26
18 26
17 27
16 27
18 27
19 27
20 27
21 27
19 26
20 26
20 25
21 25
22 25
21 26
15 25
16 25
17 25
18 25
19 25
22 26
23 26
23 25
24 25
24 26
24 27
24 28
23 28
23 29
23 30
22 29
22 28
22 27
23 27
24 29
24 30
22 30
21 30
21 29
21 28
20 28
19 28
18 28
17 28
16 28
15 28
20 30
20 29
19 29
18 29
17 29
16 29
15 29
15 30
16 30
17 30
18 30
19 30
13 25
12 28
10 28
14 28
13 28
9 28
8 28
37 21
37 20
37 19
37 18
37 17
36 17
36 18
36 19
36 21
36 20
37 24
36 24
36 25
37 25
38 25
39 25
40 25
40 24
41 24
42 24
43 24
44 24
45 24
46 24
39 24
38 24
39 23
38 23
38 22
38 21
38 20
38 19
38 18
39 18
39 17
38 17
40 18
40 19
40 20
40 21
40 22
39 22
39 21
39 20
39 19
40 23
41 23
42 23
43 23
44 23
45 23
46 23
47 23
47 22
46 22
45 22
44 22
43 22
42 22
41 22
41 21
42 21
43 21
44 21
45 21
46 21
47 21
47 20
46 20
45 20
44 20
43 20
41 20
41 19
42 19
43 19
42 20
44 19
45 19
46 19
47 19
47 18
46 18
45 18
44 18
43 18
42 18
40 17
41 17
42 17
41 18
45 17
44 17
43 17
46 17
47 17
48 17
48 18
49 17
49 18
50 18
51 18
52 18
51 17
50 17
52 17
53 17
53 16
52 16
53 15
52 15
51 15
50 15
50 14
51 14
52 14
53 14
54 14
55 14
55 15
54 15
53 13
52 13
52 12
53 12
51 12
51 11
50 11
49 12
49 11
48 12
47 12
46 12
45 12
44 12
43 12
42 12
41 12
41 13
40 13
39 13
40 12
39 12
39 14
40 14
38 14
38 13
37 13
37 12
36 12
36 13
35 12
36 11
37 11
38 11
38 12
39 11
40 11
41 11
42 11
43 11
44 11
45 11
42 10
41 10
40 10
39 10
38 10
37 10
37 9
38 9
39 9
40 9
39 8
38 8
37 8
36 8
37 7
38 7
39 7
37 6
38 6
37 5
36 5
35 5
35 6
36 6
37 4
38 4
38 5
38 3
39 3
39 4
40 4
40 3
37 3
37 2
38 2
39 2
36 2
35 2
36 3
35 3
35 4
36 4
34 3
34 4
34 5
34 6
33 6
32 6
32 5
33 5
31 6
31 7
30 6
30 5
31 5
29 6
28 6
28 7
28 8
28 9
29 9
29 8
28 10
27 10
27 11
28 11
29 11
26 11
26 12
27 12
26 13
25 13
24 13
23 13
22 13
21 13
20 13
19 13
19 12
18 12
18 11
19 11
20 11
20 12
21 12
22 12
22 11
21 11
23 11
23 12
24 12
24 11
25 11
25 12
24 10
23 10
25 10
26 10
27 9
26 9
25 9
25 8
26 8
27 8
27 7
26 7
25 7
24 7
24 6
25 6
26 6
27 6
28 5
27 5
29 5
27 4
26 4
25 4
25 5
24 5
26 5
24 4
23 4
23 5
23 6
22 6
22 5
22 4
21 4
21 5
21 6
20 6
20 5
20 4
19 5
18 5
18 4
19 4
19 6
18 6
17 5
16 5
17 6
17 4
17 3
18 3
18 2
17 2
16 2
17 1
16 3
15 4
15 3
16 4
15 5
16 6
16 7
16 8
17 7
15 7
15 8
15 6
14 7
14 8
13 8
13 7
14 6
13 6
14 5
14 4
15 2
14 2
14 3
13 3
13 4
13 2
12 2
11 2
11 1
10 1
9 1
9 2
8 2
10 2
7 2
7 1
8 1
6 1
5 1
5 2
4 2
4 3
5 3
4 4
5 4
6 4
7 3
6 2
6 3
5 5
5 6
5 7
4 7
4 8
3 8
6 6
4 5
6 5
7 7
6 7
6 8
7 8
5 8
8 8
9 8
10 8
11 8
12 8
12 7
11 7
10 7
9 7
8 7
7 6
8 6
9 6
10 6
11 6
12 6
13 5
12 5
11 5
10 5
9 5
8 5
7 5
7 4
8 4
9 4
10 4
11 4
11 3
12 3
10 3
9 3
8 3
12 4
48 11
52 11
53 18
54 18
55 18
55 17
54 17
56 17
57 17
58 17
59 17
60 17
61 17
62 17
63 17
63 16
64 16
65 16
65 17
64 17
60 18
59 18
58 18
57 18
56 18
63 18
62 18
61 18
64 18
66 17
67 17
68 17
68 18
69 18
70 18
71 18
72 18
73 18
74 18
75 18
76 18
77 18
78 18
79 18
80 18
81 18
82 18
83 18
84 18
85 18
86 18
87 18
88 18
89 18
90 18
91 18
92 18
93 18
93 17
94 18
94 19
94 20
94 21
94 22
94 23
94 24
94 25
94 26
95 26
95 27
95 28
95 29
95 30
96 30
96 31
96 32
96 33
96 34
96 35
96 36
95 36
95 35
95 34
95 33
95 32
95 31
94 30
94 31
94 32
94 33
94 34
94 35
94 36
94 37
93 36
93 35
93 34
93 33
93 32
93 31
93 30
93 29
93 28
93 27
94 29
94 28
94 27
96 29
96 28
96 27
96 26
96 25
96 24
96 23
96 22
96 21
96 20
96 19
96 18
96 17
97 17
98 17
98 18
97 18
95 18
95 17
94 17
90 17
91 17
92 17
87 17
88 17
89 17
88 16
87 16
86 16
