1391
6 35 1
7 36 1
6 36 1
5 36 1
5 37 1
6 37 1
6 38 1
5 38 1
5 39 1
6 39 1
6 40 1
7 38 1
7 40 1
7 39 1
8 40 1
8 41 1
9 41 1
9 42 1
10 42 1
11 42 1
12 42 1
13 42 1
14 42 1
10 41 1
11 41 1
12 41 1
13 41 1
14 41 1
15 42 1
16 42 1
16 41 1
17 41 1
15 41 1
18 40 1
19 40 1
20 40 1
20 39 1
19 39 1
17 40 1
18 39 1
17 39 1
16 40 1
20 38 1
21 38 1
22 38 1
22 37 1
21 39 1
21 40 1
19 41 1
18 41 1
20 41 1
21 41 1
22 41 1
22 42 1
23 42 1
23 41 1
24 41 1
24 40 1
23 40 1
22 40 1
23 39 1
24 39 1
23 38 1
22 39 1
24 38 1
24 37 1
23 37 1
25 38 1
26 38 1
26 37 1
25 37 1
25 39 1
25 40 1
26 39 1
27 39 1
27 38 1
28 38 1
28 37 1
29 37 1
30 37 1
30 36 1
30 35 1
30 34 1
31 36 1
31 37 1
29 38 1
26 40 1
27 40 1
28 40 1
28 39 1
29 39 1
30 38 1
31 35 1
29 33 1
29 34 1
29 35 1
29 36 1
28 36 1
28 35 1
28 34 1
27 34 1
27 35 1
27 36 1
27 37 1
26 34 1
26 35 1
25 36 1
25 35 1
25 34 1
25 33 1
26 36 1
24 36 1
24 35 1
26 33 1
24 34 1
23 36 1
23 35 1
23 34 1
23 33 1
24 33 1
22 36 1
22 35 1
22 34 1
22 33 1
21 35 1
21 36 1
21 37 1
20 37 1
20 36 1
20 35 1
20 34 1
20 33 1
20 32 1
19 36 1
19 37 1
19 38 1
19 35 1
19 34 1
18 35 1
18 36 1
18 37 1
18 38 1
18 34 1
17 36 1
17 35 1
17 34 1
17 33 1
18 33 1
19 33 1
19 32 1
19 31 1
20 31 1
20 30 1
20 29 1
19 29 1
19 30 1
18 31 1
18 32 1
21 32 1
21 33 1
21 34 1
21 31 1
21 30 1
21 29 1
21 28 1
22 30 1
22 31 1
22 32 1
23 32 1
23 31 1
22 29 1
22 28 1
23 29 1
23 30 1
24 30 1
24 31 1
25 31 1
25 32 1
26 32 1
27 33 1
24 32 1
25 30 1
24 29 1
26 31 1
27 32 1
28 33 1
28 32 1
27 31 1
27 30 1
26 30 1
25 29 1
23 28 1
20 28 1
19 28 1
19 27 1
20 27 1
20 26 1
21 27 1
18 26 1
18 25 1
18 24 1
17 24 1
17 23 1
17 25 1
16 25 1
16 24 1
15 24 1
15 23 1
15 22 1
15 21 1
14 21 1
14 22 1
14 23 1
14 24 1
14 20 1
14 19 1
15 19 1
15 18 1
16 18 1
16 17 1
16 16 1
17 15 1
17 14 1
18 14 1
19 14 1
20 14 1
21 14 1
22 14 1
19 15 1
18 15 1
20 15 1
21 15 1
22 15 1
21 16 1
20 16 1
19 16 1
18 17 1
17 17 1
17 16 1
18 16 1
17 18 1
17 19 1
16 19 1
16 20 1
15 20 1
17 20 1
17 21 1
17 22 1
16 23 1
16 22 1
16 21 1
18 21 1
18 22 1
18 23 1
19 21 1
19 20 1
19 22 1
19 23 1
19 24 1
19 25 1
19 26 1
19 19 1
19 18 1
19 17 1
18 18 1
18 19 1
18 20 1
20 17 1
21 17 1
21 18 1
21 19 1
21 20 1
20 20 1
20 21 1
20 22 1
20 23 1
20 24 1
20 18 1
20 19 1
21 21 1
21 22 1
21 23 1
21 24 1
21 25 1
21 26 1
20 25 1
23 27 1
22 27 1
22 24 1
22 23 1
22 22 1
22 21 1
22 18 1
22 19 1
22 20 1
22 17 1
22 16 1
23 16 1
24 16 1
24 17 1
24 18 1
24 19 1
24 20 1
23 20 1
23 19 1
23 18 1
23 17 1
23 15 1
24 15 1
25 15 1
25 16 1
25 17 1
25 18 1
23 21 1
26 18 1
26 17 1
26 16 1
26 15 1
27 15 1
27 14 1
28 14 1
28 15 1
27 16 1
24 14 1
25 14 1
26 14 1
27 13 1
28 13 1
26 13 1
28 12 1
29 12 1
29 13 1
30 13 1
30 14 1
29 14 1
29 15 1
28 16 1
29 16 1
30 15 1
31 14 1
32 14 1
32 13 1
31 13 1
33 13 1
34 13 1
35 13 1
36 13 1
36 12 1
35 12 1
34 12 1
36 11 1
37 11 1
38 11 1
39 11 1
40 11 1
40 10 1
37 10 1
38 10 1
39 10 1
41 11 1
41 12 1
42 12 1
42 13 1
42 14 1
41 14 1
40 14 1
40 13 1
39 13 1
39 12 1
38 12 1
37 12 1
34 14 1
33 14 1
35 14 1
37 13 1
41 13 1
40 12 1
14 43 1
13 43 1
12 43 1
11 43 1
7 37 1
6 34 1
7 35 1
7 34 1
5 35 1
38 13 1
43 13 1
44 13 1
45 13 1
46 13 1
47 13 1
48 13 1
49 13 1
50 13 1
51 13 1
51 14 1
51 15 1
51 16 1
50 16 1
49 16 1
48 16 1
47 16 1
46 16 1
46 15 1
45 15 1
44 15 1
43 15 1
42 15 1
43 16 1
44 16 1
45 16 1
43 14 1
44 14 1
45 14 1
46 14 1
47 14 1
48 14 1
49 14 1
50 14 1
50 15 1
49 15 1
48 15 1
47 15 1
42 16 1
39 14 1
38 14 1
37 14 1
36 14 1
41 15 1
49 17 1
49 18 1
49 19 1
49 20 1
49 21 1
49 22 1
49 23 1
49 24 1
49 25 1
49 26 1
49 27 1
49 28 1
49 29 1
49 30 1
49 31 1
33 22 1
34 22 1
35 22 1
36 22 1
36 23 1
35 23 1
35 24 1
35 25 1
34 25 1
34 24 1
33 24 1
33 23 1
34 23 1
33 25 1
36 25 1
36 24 1
35 26 1
35 27 1
34 27 1
34 28 1
34 29 1
35 28 1
34 26 1
35 29 1
35 30 1
33 29 1
32 29 1
36 29 1
36 30 1
36 31 1
36 32 1
35 32 1
34 32 1
34 31 1
34 30 1
33 30 1
32 30 1
32 31 1
32 32 1
33 32 1
33 31 1
35 31 1
33 33 1
34 33 1
34 34 1
35 34 1
35 33 1
36 33 1
35 35 1
35 36 1
34 36 1
34 35 1
36 35 1
36 34 1
36 36 1
37 31 1
38 31 1
39 31 1
39 30 1
40 30 1
37 30 1
38 30 1
40 31 1
41 31 1
42 31 1
43 31 1
44 31 1
45 31 1
46 31 1
47 31 1
48 31 1
46 29 1
47 29 1
47 30 1
47 32 1
46 30 1
46 32 1
41 30 1
42 30 1
43 30 1
44 30 1
45 30 1
41 32 1
41 33 1
40 33 1
40 34 1
40 35 1
41 34 1
40 32 1
41 35 1
41 36 1
41 37 1
40 38 1
40 39 1
40 40 1
40 37 1
40 36 1
40 41 1
40 42 1
40 43 1
40 44 1
40 45 1
41 38 1
41 39 1
41 40 1
41 41 1
40 46 1
41 46 1
41 45 1
41 44 1
41 43 1
41 42 1
38 47 1
39 47 1
40 47 1
41 47 1
42 47 1
42 48 1
42 49 1
42 50 1
42 51 1
41 52 1
41 53 1
40 53 1
40 52 1
40 51 1
39 50 1
39 49 1
39 48 1
39 51 1
39 52 1
39 53 1
39 54 1
39 55 1
38 52 1
38 51 1
38 50 1
38 49 1
38 48 1
38 53 1
38 54 1
38 55 1
39 56 1
39 57 1
39 58 1
38 58 1
38 59 1
38 57 1
38 56 1
39 59 1
40 59 1
41 59 1
42 59 1
42 58 1
43 57 1
43 56 1
43 55 1
43 54 1
43 53 1
42 53 1
42 52 1
42 54 1
42 55 1
42 56 1
42 57 1
43 59 1
43 58 1
43 47 1
43 48 1
43 49 1
43 50 1
43 51 1
43 52 1
43 46 1
42 46 1
38 46 1
39 46 1
40 49 1
40 50 1
40 54 1
41 54 1
41 55 1
41 56 1
41 57 1
41 58 1
40 58 1
40 57 1
40 56 1
40 55 1
41 50 1
41 49 1
41 48 1
40 48 1
41 51 1
44 50 1
45 50 1
46 50 1
47 50 1
47 47 1
47 48 1
46 48 1
46 49 1
47 49 1
47 51 1
47 52 1
47 53 1
46 51 1
46 52 1
46 53 1
46 47 1
47 46 1
46 46 1
48 50 1
49 50 1
50 50 1
51 50 1
52 50 1
51 46 1
51 47 1
51 48 1
51 49 1
51 51 1
51 52 1
51 53 1
50 47 1
50 48 1
50 49 1
50 51 1
50 52 1
50 53 1
50 46 1
53 50 1
54 50 1
55 50 1
56 50 1
57 50 1
58 50 1
59 50 1
60 50 1
61 50 1
61 48 1
61 49 1
61 51 1
61 52 1
61 53 1
62 53 1
63 53 1
63 52 1
64 52 1
65 52 1
66 52 1
66 51 1
67 51 1
66 50 1
65 49 1
64 49 1
63 49 1
63 50 1
63 51 1
62 52 1
62 50 1
62 49 1
62 48 1
62 51 1
63 48 1
64 48 1
65 48 1
66 48 1
67 48 1
67 47 1
68 47 1
69 47 1
69 48 1
68 48 1
68 49 1
68 50 1
67 50 1
66 49 1
65 50 1
65 51 1
64 50 1
64 51 1
64 53 1
65 53 1
66 53 1
67 53 1
68 53 1
68 52 1
68 51 1
67 52 1
67 49 1
69 49 1
69 50 1
69 51 1
69 52 1
69 53 1
69 54 1
65 45 1
65 46 1
65 47 1
65 44 1
65 43 1
57 41 1
57 42 1
57 43 1
57 44 1
58 44 1
59 44 1
60 44 1
61 44 1
61 43 1
61 42 1
60 42 1
59 42 1
58 42 1
58 43 1
59 43 1
60 43 1
60 41 1
59 41 1
58 41 1
61 41 1
59 38 1
59 39 1
59 40 1
58 38 1
57 38 1
56 38 1
56 37 1
55 37 1
54 37 1
54 36 1
53 36 1
52 36 1
52 35 1
52 34 1
51 34 1
51 33 1
50 33 1
49 33 1
48 33 1
47 33 1
48 32 1
49 32 1
46 33 1
48 29 1
48 30 1
50 30 1
50 31 1
50 32 1
51 32 1
51 31 1
51 30 1
50 29 1
50 28 1
51 29 1
51 28 1
51 35 1
53 35 1
52 31 1
53 31 1
54 30 1
55 30 1
56 30 1
52 30 1
53 30 1
55 29 1
56 28 1
57 27 1
58 27 1
59 27 1
60 27 1
61 27 1
61 28 1
62 28 1
63 29 1
62 29 1
61 29 1
60 29 1
60 28 1
59 29 1
58 29 1
58 28 1
59 28 1
57 28 1
57 29 1
56 29 1
58 30 1
57 30 1
57 31 1
59 30 1
59 31 1
59 32 1
58 32 1
57 32 1
58 31 1
59 33 1
60 33 1
54 31 1
55 31 1
56 31 1
56 32 1
55 32 1
57 33 1
58 33 1
56 33 1
58 34 1
59 34 1
60 34 1
57 34 1
61 34 1
61 33 1
61 32 1
61 31 1
60 31 1
60 30 1
60 32 1
61 30 1
62 30 1
63 30 1
63 31 1
63 32 1
62 32 1
62 33 1
62 31 1
64 30 1
65 30 1
66 30 1
64 31 1
65 31 1
66 31 1
67 31 1
68 31 1
68 30 1
67 30 1
67 29 1
67 28 1
67 27 1
66 27 1
66 26 1
65 26 1
65 25 1
64 25 1
63 24 1
64 24 1
63 25 1
62 24 1
60 23 1
61 24 1
60 24 1
59 24 1
59 23 1
59 22 1
59 21 1
60 21 1
60 20 1
60 19 1
59 19 1
59 18 1
59 20 1
60 22 1
59 17 1
59 16 1
59 15 1
59 14 1
59 13 1
58 13 1
58 14 1
60 14 1
60 13 1
60 12 1
59 12 1
58 12 1
57 13 1
57 14 1
57 12 1
61 12 1
61 13 1
61 14 1
58 11 1
59 11 1
60 11 1
60 18 1
61 18 1
62 18 1
63 18 1
64 18 1
65 18 1
66 18 1
67 18 1
61 19 1
62 19 1
63 19 1
64 19 1
65 19 1
66 19 1
67 19 1
67 20 1
68 20 1
69 20 1
70 20 1
71 20 1
71 19 1
71 18 1
70 18 1
70 17 1
69 17 1
68 17 1
68 18 1
68 19 1
69 19 1
70 19 1
69 18 1
67 17 1
67 16 1
67 15 1
68 15 1
69 15 1
69 14 1
69 16 1
68 16 1
70 15 1
71 15 1
71 16 1
71 17 1
70 16 1
69 30 1
70 30 1
71 30 1
72 30 1
73 30 1
74 30 1
75 30 1
76 30 1
77 30 1
78 30 1
69 31 1
70 31 1
71 31 1
72 31 1
73 31 1
74 31 1
75 31 1
76 31 1
77 31 1
78 31 1
79 31 1
73 27 1
73 28 1
73 29 1
73 32 1
73 33 1
73 34 1
74 34 1
75 34 1
76 34 1
77 33 1
78 33 1
79 33 1
79 32 1
80 32 1
81 32 1
82 32 1
78 32 1
77 32 1
76 32 1
75 32 1
74 33 1
75 33 1
76 33 1
74 32 1
74 29 1
74 28 1
74 27 1
75 27 1
76 27 1
77 27 1
78 27 1
79 27 1
79 28 1
78 28 1
77 29 1
76 29 1
75 29 1
75 28 1
76 28 1
77 28 1
79 29 1
79 30 1
78 29 1
79 26 1
80 26 1
82 25 1
81 26 1
82 26 1
83 26 1
83 27 1
83 28 1
83 29 1
82 29 1
81 29 1
80 29 1
80 28 1
80 27 1
79 25 1
80 25 1
81 25 1
83 25 1
84 25 1
85 25 1
86 25 1
87 25 1
88 25 1
89 25 1
90 25 1
91 25 1
92 25 1
92 26 1
92 27 1
92 28 1
92 29 1
92 30 1
92 31 1
91 31 1
90 31 1
89 31 1
88 31 1
87 31 1
86 31 1
85 31 1
84 31 1
83 31 1
82 31 1
81 31 1
80 31 1
80 30 1
81 30 1
82 30 1
83 30 1
84 30 1
85 30 1
86 30 1
87 30 1
88 30 1
89 30 1
90 30 1
91 30 1
91 29 1
90 29 1
89 29 1
88 29 1
87 29 1
86 29 1
85 29 1
84 29 1
84 26 1
84 27 1
84 28 1
88 26 1
87 26 1
87 27 1
87 28 1
88 27 1
88 28 1
89 26 1
86 26 1
85 26 1
90 26 1
91 26 1
91 28 1
91 27 1
74 35 1
75 35 1
76 35 1
77 34 1
78 34 1
79 34 1
79 35 1
78 35 1
77 35 1
73 35 1
72 35 1
80 35 1
80 36 1
81 36 1
79 36 1
82 36 1
83 36 1
84 36 1
85 36 1
86 36 1
87 36 1
88 36 1
89 36 1
90 36 1
91 36 1
92 36 1
92 32 1
92 33 1
92 34 1
92 35 1
88 32 1
88 33 1
87 33 1
87 34 1
87 35 1
88 35 1
88 34 1
87 32 1
83 35 1
83 34 1
84 34 1
84 33 1
84 32 1
83 32 1
83 33 1
84 35 1
80 33 1
80 34 1
85 32 1
86 32 1
89 32 1
90 32 1
91 32 1
93 27 1
93 28 1
93 29 1
93 30 1
93 31 1
93 32 1
93 33 1
94 33 1
94 32 1
94 31 1
94 30 1
94 29 1
94 28 1
94 27 1
94 34 1
93 34 1
95 31 1
95 30 1
96 30 1
96 31 1
97 31 1
98 31 1
99 31 1
100 31 1
101 31 1
101 30 1
100 30 1
99 30 1
98 30 1
97 30 1
99 29 1
99 32 1
99 33 1
100 33 1
101 33 1
101 32 1
100 32 1
100 34 1
101 34 1
102 34 1
103 34 1
104 34 1
105 34 1
106 34 1
106 33 1
105 33 1
104 33 1
103 33 1
102 33 1
102 32 1
103 32 1
104 32 1
105 32 1
106 32 1
106 31 1
106 30 1
106 29 1
105 29 1
104 29 1
103 29 1
102 29 1
101 29 1
100 29 1
100 28 1
100 27 1
101 27 1
102 27 1
103 27 1
104 27 1
105 27 1
106 27 1
107 27 1
107 28 1
106 28 1
105 28 1
104 28 1
103 28 1
102 28 1
101 28 1
107 29 1
107 30 1
107 31 1
107 32 1
107 33 1
108 30 1
109 30 1
110 30 1
111 30 1
108 31 1
109 31 1
110 31 1
111 31 1
112 31 1
112 30 1
113 30 1
112 29 1
113 29 1
114 29 1
114 30 1
114 31 1
114 32 1
113 32 1
113 31 1
112 32 1
114 33 1
115 32 1
115 31 1
115 30 1
115 29 1
115 33 1
113 33 1
112 33 1
111 33 1
62 43 1
63 43 1
64 42 1
65 42 1
66 42 1
67 42 1
68 42 1
68 43 1
69 43 1
64 43 1
67 43 1
70 43 1
66 43 1
71 43 1
71 42 1
71 41 1
70 41 1
70 42 1
69 42 1
72 42 1
72 43 1
73 43 1
74 43 1
75 43 1
76 43 1
77 43 1
78 43 1
79 43 1
80 43 1
81 43 1
82 43 1
82 42 1
82 41 1
82 44 1
83 44 1
84 44 1
84 43 1
84 42 1
83 42 1
83 43 1
84 41 1
83 41 1
85 41 1
85 42 1
86 42 1
86 43 1
86 44 1
86 45 1
85 45 1
85 44 1
85 43 1
82 45 1
81 45 1
83 45 1
84 45 1
81 44 1
81 42 1
81 41 1
86 41 1
88 43 1
87 43 1
75 44 1
75 45 1
75 46 1
75 47 1
76 47 1
76 48 1
76 49 1
75 49 1
74 49 1
74 48 1
74 47 1
73 47 1
73 48 1
73 49 1
74 50 1
75 50 1
76 50 1
77 50 1
77 49 1
77 48 1
77 47 1
78 49 1
78 48 1
78 47 1
78 46 1
77 46 1
76 46 1
76 45 1
76 44 1
74 46 1
106 26 1
106 25 1
106 24 1
105 24 1
104 24 1
103 24 1
102 24 1
102 23 1
102 22 1
103 22 1
104 22 1
105 22 1
106 22 1
107 22 1
108 22 1
108 23 1
108 24 1
107 24 1
