1833
40 8 1
41 8 1
41 9 1
42 9 1
43 9 1
43 10 1
44 10 1
45 10 1
46 10 1
46 11 1
46 12 1
45 12 1
44 12 1
43 11 1
44 9 1
45 9 1
45 11 1
44 11 1
42 11 1
42 10 1
41 11 1
41 10 1
40 10 1
40 11 1
40 12 1
40 13 1
41 13 1
42 13 1
43 13 1
44 13 1
45 13 1
46 13 1
47 13 1
48 13 1
49 13 1
49 12 1
49 11 1
49 10 1
50 10 1
50 9 1
50 8 1
49 8 1
49 9 1
49 7 1
48 7 1
47 7 1
46 7 1
45 7 1
44 7 1
44 8 1
43 8 1
42 8 1
42 7 1
41 7 1
40 7 1
43 7 1
46 9 1
46 8 1
47 8 1
48 8 1
48 12 1
47 11 1
47 10 1
47 9 1
47 12 1
48 11 1
48 10 1
48 9 1
45 8 1
42 12 1
43 12 1
41 12 1
50 12 1
51 11 1
52 11 1
53 11 1
54 11 1
50 11 1
55 11 1
55 10 1
56 10 1
57 10 1
58 10 1
59 10 1
60 10 1
61 10 1
62 10 1
63 10 1
64 10 1
60 11 1
61 11 1
62 11 1
63 11 1
64 11 1
65 11 1
65 10 1
65 9 1
64 9 1
63 9 1
62 9 1
61 9 1
60 9 1
59 9 1
59 11 1
60 12 1
61 12 1
62 12 1
63 12 1
64 12 1
65 12 1
66 11 1
66 10 1
66 9 1
66 12 1
59 12 1
40 9 1
39 10 1
38 10 1
37 10 1
36 10 1
35 10 1
34 10 1
33 10 1
32 10 1
31 10 1
30 10 1
29 10 1
28 10 1
27 10 1
26 10 1
25 10 1
24 10 1
23 10 1
22 10 1
21 10 1
20 10 1
19 10 1
18 10 1
17 10 1
16 10 1
15 10 1
14 10 1
13 10 1
12 10 1
11 10 1
11 9 1
10 9 1
9 9 1
8 9 1
7 9 1
6 9 1
5 9 1
5 10 1
6 10 1
7 10 1
8 10 1
9 10 1
10 10 1
10 11 1
9 11 1
8 11 1
7 11 1
6 11 1
5 11 1
11 11 1
21 9 1
22 9 1
23 9 1
21 8 1
22 8 1
23 8 1
23 7 1
22 7 1
21 7 1
21 6 1
21 5 1
20 5 1
19 5 1
18 5 1
17 5 1
16 5 1
15 5 1
15 6 1
16 6 1
15 4 1
15 3 1
16 3 1
16 4 1
17 4 1
17 3 1
18 3 1
18 4 1
19 4 1
20 4 1
21 4 1
21 3 1
22 3 1
23 3 1
22 4 1
22 5 1
22 6 1
23 5 1
23 4 1
23 6 1
24 5 1
24 4 1
25 4 1
26 4 1
27 4 1
28 4 1
29 4 1
25 5 1
26 5 1
27 5 1
28 5 1
29 5 1
28 3 1
29 3 1
30 3 1
30 5 1
30 6 1
29 6 1
28 6 1
30 4 1
31 4 1
32 4 1
33 4 1
34 4 1
35 4 1
36 4 1
37 4 1
38 4 1
39 4 1
40 4 1
41 4 1
42 4 1
43 4 1
44 4 1
45 4 1
46 4 1
47 4 1
48 4 1
49 4 1
50 4 1
51 4 1
52 4 1
53 4 1
54 4 1
55 4 1
56 4 1
57 4 1
58 4 1
58 5 1
59 5 1
60 5 1
61 5 1
62 5 1
63 5 1
64 5 1
65 5 1
66 5 1
67 5 1
68 5 1
69 5 1
57 5 1
70 5 1
70 6 1
70 7 1
70 8 1
69 7 1
69 6 1
70 9 1
70 10 1
69 10 1
69 9 1
69 8 1
70 11 1
69 11 1
71 11 1
72 11 1
73 11 1
74 11 1
75 11 1
76 11 1
76 12 1
77 12 1
78 12 1
78 11 1
79 11 1
80 11 1
77 11 1
75 10 1
74 10 1
73 10 1
72 10 1
71 10 1
78 10 1
79 10 1
80 10 1
79 9 1
77 10 1
77 9 1
76 9 1
76 10 1
72 9 1
71 9 1
71 8 1
71 7 1
71 6 1
72 6 1
73 6 1
73 7 1
72 7 1
72 8 1
73 8 1
73 9 1
74 9 1
74 8 1
75 8 1
75 9 1
75 7 1
74 7 1
74 6 1
72 5 1
71 5 1
71 4 1
70 4 1
69 4 1
72 4 1
73 4 1
74 4 1
75 4 1
76 4 1
77 4 1
78 4 1
79 4 1
79 5 1
79 6 1
79 7 1
79 8 1
78 9 1
78 8 1
78 7 1
78 6 1
78 5 1
77 6 1
77 7 1
77 8 1
77 5 1
76 5 1
76 6 1
76 7 1
76 8 1
75 6 1
75 5 1
74 5 1
73 5 1
80 8 1
81 8 1
82 8 1
83 8 1
84 8 1
85 8 1
86 8 1
87 8 1
88 8 1
89 8 1
90 8 1
91 8 1
87 5 1
87 6 1
87 7 1
88 5 1
89 5 1
90 5 1
91 5 1
92 5 1
93 5 1
93 6 1
93 7 1
93 8 1
92 8 1
89 7 1
88 7 1
89 6 1
90 6 1
91 6 1
92 6 1
92 7 1
91 7 1
90 7 1
88 6 1
90 9 1
90 10 1
90 11 1
90 12 1
91 9 1
91 10 1
91 11 1
91 12 1
91 13 1
91 14 1
91 15 1
91 16 1
91 17 1
90 13 1
90 14 1
90 15 1
90 16 1
90 17 1
90 18 1
91 18 1
89 18 1
88 18 1
87 18 1
86 18 1
85 18 1
84 18 1
83 18 1
82 18 1
81 18 1
80 18 1
79 18 1
78 18 1
77 18 1
76 18 1
75 18 1
74 18 1
73 18 1
72 18 1
71 18 1
70 18 1
70 17 1
70 19 1
70 20 1
70 21 1
70 22 1
70 23 1
70 24 1
70 25 1
71 24 1
72 24 1
73 24 1
74 24 1
75 24 1
76 24 1
77 24 1
78 24 1
78 22 1
78 23 1
79 22 1
80 22 1
81 22 1
82 22 1
83 22 1
84 22 1
85 22 1
86 22 1
87 22 1
88 22 1
89 22 1
90 22 1
91 22 1
92 22 1
93 22 1
94 22 1
95 22 1
96 22 1
97 22 1
98 22 1
99 22 1
97 21 1
98 21 1
99 21 1
100 21 1
101 21 1
102 21 1
103 21 1
104 20 1
105 20 1
106 20 1
107 20 1
108 20 1
109 20 1
97 20 1
98 20 1
99 20 1
100 20 1
101 20 1
102 20 1
103 20 1
110 20 1
111 20 1
112 20 1
112 21 1
112 22 1
113 22 1
114 22 1
114 23 1
113 23 1
112 23 1
112 24 1
111 24 1
110 24 1
109 24 1
108 24 1
108 25 1
107 25 1
106 25 1
105 25 1
104 25 1
103 25 1
102 25 1
101 25 1
100 25 1
99 25 1
98 25 1
97 25 1
109 25 1
110 25 1
111 25 1
112 25 1
111 21 1
111 22 1
111 23 1
110 23 1
110 22 1
110 21 1
109 21 1
109 22 1
109 23 1
108 23 1
108 22 1
108 21 1
107 21 1
107 22 1
107 23 1
107 24 1
106 24 1
106 23 1
106 22 1
106 21 1
105 22 1
105 23 1
105 24 1
104 24 1
104 23 1
104 22 1
104 21 1
105 21 1
103 23 1
103 24 1
102 24 1
102 23 1
103 22 1
102 22 1
101 23 1
101 24 1
100 24 1
100 23 1
100 22 1
99 23 1
99 24 1
98 24 1
98 23 1
97 23 1
101 22 1
97 24 1
96 23 1
95 23 1
94 23 1
93 23 1
92 23 1
91 23 1
90 23 1
89 23 1
88 23 1
87 23 1
86 23 1
85 23 1
84 23 1
83 23 1
82 23 1
81 23 1
80 23 1
79 23 1
81 24 1
81 25 1
81 26 1
80 26 1
80 25 1
80 24 1
79 24 1
79 25 1
79 26 1
79 27 1
78 26 1
78 27 1
78 28 1
78 29 1
78 25 1
81 27 1
81 28 1
80 28 1
80 27 1
79 28 1
79 29 1
79 30 1
80 29 1
80 30 1
81 29 1
81 30 1
81 31 1
81 32 1
80 32 1
79 31 1
78 30 1
78 31 1
78 32 1
78 33 1
79 33 1
79 32 1
80 31 1
79 34 1
79 35 1
80 35 1
80 34 1
81 34 1
82 34 1
81 33 1
80 33 1
78 34 1
83 34 1
84 34 1
85 34 1
86 34 1
87 34 1
88 34 1
89 34 1
90 34 1
91 34 1
92 34 1
93 34 1
94 34 1
95 34 1
82 33 1
83 33 1
84 33 1
85 33 1
86 33 1
87 33 1
88 33 1
89 33 1
90 33 1
91 33 1
92 33 1
93 33 1
94 33 1
95 33 1
96 33 1
97 33 1
95 31 1
95 32 1
95 35 1
94 8 1
95 8 1
96 8 1
97 8 1
98 8 1
99 8 1
100 8 1
101 8 1
102 8 1
103 8 1
102 5 1
102 6 1
102 7 1
102 9 1
102 10 1
103 10 1
103 11 1
103 12 1
103 13 1
102 13 1
102 12 1
102 11 1
102 14 1
102 15 1
103 15 1
103 14 1
101 15 1
104 15 1
105 15 1
106 15 1
107 15 1
108 15 1
108 16 1
102 16 1
103 16 1
104 16 1
105 16 1
106 16 1
107 16 1
109 16 1
110 16 1
109 17 1
110 17 1
111 17 1
112 17 1
113 17 1
114 17 1
115 16 1
115 15 1
115 14 1
115 13 1
115 12 1
115 17 1
114 16 1
114 15 1
114 14 1
114 13 1
113 13 1
113 14 1
113 15 1
113 16 1
112 16 1
111 16 1
111 15 1
111 14 1
111 13 1
112 13 1
112 14 1
112 15 1
110 14 1
110 15 1
110 13 1
109 13 1
109 14 1
109 15 1
109 12 1
110 12 1
111 12 1
112 12 1
113 12 1
114 12 1
103 9 1
103 5 1
103 6 1
103 7 1
102 4 1
103 4 1
104 4 1
105 4 1
106 4 1
107 4 1
108 4 1
109 4 1
110 4 1
111 4 1
112 4 1
109 3 1
109 5 1
109 6 1
109 7 1
110 7 1
111 7 1
112 7 1
112 6 1
113 6 1
113 5 1
113 4 1
111 5 1
111 6 1
110 6 1
110 5 1
112 5 1
110 3 1
111 3 1
112 3 1
113 3 1
114 3 1
114 4 1
114 5 1
114 6 1
114 7 1
113 7 1
96 32 1
97 32 1
98 32 1
99 32 1
100 32 1
101 32 1
102 32 1
103 32 1
104 32 1
105 32 1
105 31 1
104 31 1
103 31 1
102 31 1
101 31 1
100 31 1
99 31 1
98 31 1
97 31 1
96 31 1
98 33 1
99 33 1
100 33 1
101 33 1
102 33 1
103 33 1
104 33 1
105 33 1
105 34 1
105 35 1
105 36 1
104 36 1
104 35 1
104 34 1
103 35 1
103 36 1
103 34 1
102 34 1
101 34 1
101 35 1
101 36 1
100 36 1
100 35 1
102 35 1
102 36 1
100 34 1
99 34 1
98 34 1
98 35 1
97 35 1
97 34 1
96 34 1
98 36 1
97 36 1
96 36 1
96 35 1
99 35 1
99 36 1
95 36 1
96 37 1
97 37 1
97 38 1
98 37 1
99 37 1
100 37 1
101 37 1
102 37 1
103 37 1
104 37 1
105 37 1
103 38 1
102 38 1
101 38 1
100 38 1
99 38 1
98 38 1
97 39 1
98 39 1
99 39 1
100 39 1
101 39 1
102 39 1
103 39 1
98 40 1
99 40 1
100 40 1
101 40 1
102 40 1
103 40 1
100 41 1
101 41 1
99 41 1
97 40 1
92 45 1
93 45 1
93 46 1
94 47 1
93 47 1
92 47 1
91 47 1
90 47 1
89 47 1
88 47 1
88 46 1
89 46 1
90 46 1
91 46 1
92 46 1
88 45 1
89 45 1
90 45 1
91 45 1
87 45 1
86 45 1
85 45 1
84 45 1
83 45 1
82 45 1
81 45 1
81 44 1
82 44 1
81 43 1
80 43 1
82 43 1
82 42 1
81 42 1
83 42 1
84 42 1
85 42 1
86 42 1
87 42 1
87 41 1
87 40 1
87 39 1
86 39 1
85 39 1
84 39 1
83 39 1
82 39 1
81 39 1
80 39 1
79 39 1
78 39 1
77 39 1
76 39 1
86 38 1
87 38 1
85 38 1
84 38 1
83 38 1
82 38 1
81 38 1
80 38 1
79 38 1
78 38 1
77 38 1
76 38 1
76 40 1
76 41 1
77 41 1
78 41 1
79 41 1
80 41 1
81 41 1
82 41 1
83 41 1
84 40 1
85 40 1
86 40 1
86 41 1
85 41 1
84 41 1
82 40 1
83 40 1
81 40 1
80 40 1
79 40 1
78 40 1
77 40 1
80 42 1
79 42 1
78 42 1
77 42 1
76 42 1
75 40 1
74 40 1
73 40 1
72 40 1
71 40 1
70 40 1
69 40 1
68 40 1
67 40 1
66 40 1
65 40 1
64 40 1
63 40 1
62 40 1
61 40 1
60 40 1
61 42 1
60 41 1
61 41 1
59 41 1
58 41 1
58 42 1
57 42 1
57 43 1
56 43 1
56 42 1
57 44 1
57 45 1
56 45 1
56 44 1
58 43 1
58 44 1
58 45 1
58 46 1
58 47 1
58 48 1
59 48 1
60 48 1
61 48 1
62 48 1
63 48 1
63 49 1
64 49 1
65 49 1
65 50 1
65 51 1
65 52 1
64 52 1
63 52 1
62 52 1
61 52 1
61 53 1
60 53 1
59 53 1
58 53 1
57 53 1
56 53 1
55 53 1
54 51 1
54 52 1
54 53 1
55 51 1
56 51 1
57 51 1
58 51 1
59 51 1
59 52 1
60 52 1
58 52 1
57 52 1
56 52 1
55 52 1
61 51 1
61 50 1
61 49 1
60 49 1
60 50 1
60 51 1
59 49 1
59 50 1
58 49 1
58 50 1
57 50 1
57 49 1
57 48 1
57 47 1
56 47 1
56 46 1
57 46 1
56 50 1
56 49 1
56 48 1
55 47 1
55 48 1
55 49 1
55 50 1
55 46 1
54 45 1
54 44 1
54 43 1
55 43 1
55 42 1
55 45 1
55 44 1
52 41 1
53 41 1
54 41 1
55 41 1
56 41 1
57 41 1
59 40 1
58 40 1
57 40 1
56 40 1
55 40 1
54 40 1
53 40 1
52 40 1
51 40 1
50 40 1
49 40 1
48 40 1
47 40 1
46 40 1
45 40 1
44 40 1
43 40 1
42 40 1
41 40 1
40 40 1
39 40 1
38 40 1
37 40 1
36 40 1
36 39 1
36 38 1
36 37 1
36 36 1
36 35 1
36 34 1
36 33 1
36 32 1
36 31 1
36 30 1
37 30 1
37 31 1
37 32 1
37 33 1
37 34 1
37 35 1
37 36 1
37 37 1
37 38 1
37 39 1
37 29 1
36 29 1
35 29 1
34 29 1
33 29 1
32 29 1
31 29 1
30 29 1
29 29 1
28 29 1
27 29 1
26 29 1
25 29 1
24 29 1
23 29 1
22 29 1
22 30 1
21 30 1
20 30 1
20 29 1
21 29 1
20 31 1
20 32 1
20 33 1
20 34 1
21 34 1
21 35 1
21 36 1
21 33 1
21 32 1
21 31 1
19 29 1
19 30 1
19 31 1
19 32 1
19 33 1
20 35 1
20 36 1
19 34 1
19 35 1
19 36 1
19 37 1
20 37 1
22 36 1
23 36 1
24 36 1
24 37 1
24 38 1
23 38 1
22 38 1
22 37 1
23 37 1
21 37 1
21 38 1
21 39 1
22 39 1
23 39 1
24 39 1
22 40 1
22 41 1
22 42 1
22 43 1
23 42 1
24 42 1
25 42 1
21 43 1
20 43 1
19 43 1
19 42 1
20 42 1
21 42 1
23 43 1
24 43 1
25 43 1
25 44 1
24 44 1
23 44 1
22 44 1
21 44 1
20 44 1
19 44 1
15 42 1
15 43 1
15 44 1
15 45 1
14 45 1
13 45 1
12 45 1
10 45 1
9 44 1
10 43 1
12 43 1
12 44 1
12 42 1
13 42 1
13 43 1
14 43 1
14 44 1
13 44 1
11 42 1
12 41 1
12 39 1
14 38 1
15 38 1
15 39 1
14 39 1
13 39 1
12 38 1
11 38 1
11 39 1
17 38 1
18 38 1
19 38 1
16 38 1
16 39 1
17 39 1
18 39 1
19 39 1
20 39 1
20 38 1
13 38 1
12 37 1
13 37 1
14 37 1
15 37 1
16 37 1
17 37 1
8 29 1
9 29 1
11 29 1
5 29 1
18 30 1
17 30 1
17 29 1
16 29 1
15 29 1
14 29 1
13 29 1
12 29 1
13 30 1
14 30 1
15 30 1
16 30 1
18 29 1
12 30 1
11 30 1
10 30 1
9 30 1
8 30 1
7 30 1
6 30 1
5 28 1
5 30 1
6 28 1
11 28 1
12 28 1
13 28 1
18 37 1
18 36 1
17 36 1
16 36 1
15 36 1
14 36 1
13 36 1
12 36 1
13 41 1
13 40 1
12 40 1
14 42 1
14 40 1
21 40 1
20 40 1
19 40 1
17 40 1
16 40 1
15 40 1
18 40 1
14 41 1
15 22 1
15 21 1
14 21 1
14 22 1
13 22 1
12 22 1
12 21 1
11 21 1
11 20 1
12 20 1
10 21 1
9 21 1
9 20 1
10 20 1
8 21 1
7 21 1
7 20 1
8 20 1
9 22 1
8 22 1
7 22 1
6 22 1
6 21 1
6 20 1
5 20 1
5 21 1
5 22 1
5 23 1
6 23 1
7 23 1
8 23 1
9 23 1
10 23 1
10 22 1
11 22 1
6 24 1
8 24 1
9 24 1
12 24 1
13 24 1
14 24 1
15 24 1
14 23 1
13 23 1
12 23 1
15 23 1
13 21 1
11 19 1
10 19 1
8 19 1
8 17 1
10 15 1
12 16 1
12 17 1
10 17 1
10 16 1
11 18 1
12 19 1
12 18 1
13 18 1
13 19 1
13 20 1
13 17 1
14 17 1
14 16 1
14 18 1
14 19 1
15 19 1
15 20 1
14 20 1
16 21 1
17 21 1
18 21 1
16 22 1
17 22 1
18 22 1
19 22 1
20 22 1
21 22 1
22 22 1
23 22 1
24 22 1
25 22 1
26 22 1
27 22 1
28 22 1
29 22 1
30 22 1
31 22 1
32 22 1
33 22 1
34 22 1
35 22 1
35 23 1
35 24 1
34 24 1
33 24 1
33 23 1
34 23 1
34 25 1
34 26 1
34 27 1
33 27 1
33 26 1
33 25 1
33 28 1
34 28 1
35 28 1
35 27 1
35 26 1
35 25 1
36 24 1
37 24 1
38 24 1
39 24 1
40 24 1
41 24 1
42 24 1
43 24 1
43 20 1
43 21 1
43 22 1
43 23 1
43 25 1
43 26 1
43 27 1
43 28 1
43 29 1
43 30 1
43 31 1
43 32 1
43 33 1
43 34 1
43 35 1
43 36 1
44 36 1
45 36 1
46 36 1
47 36 1
48 36 1
49 36 1
50 36 1
51 36 1
52 36 1
53 36 1
52 37 1
52 38 1
52 39 1
53 39 1
53 38 1
53 37 1
54 37 1
54 38 1
54 39 1
55 39 1
55 38 1
55 37 1
55 36 1
56 36 1
56 37 1
56 38 1
56 39 1
57 39 1
57 38 1
57 37 1
58 37 1
59 37 1
59 38 1
59 39 1
60 37 1
60 38 1
60 39 1
58 39 1
58 38 1
61 39 1
62 39 1
54 36 1
57 36 1
58 36 1
59 36 1
60 36 1
61 36 1
61 35 1
60 35 1
59 35 1
58 35 1
57 35 1
56 35 1
55 35 1
48 35 1
47 35 1
46 35 1
45 35 1
44 35 1
49 35 1
50 35 1
51 35 1
52 35 1
53 35 1
54 35 1
55 34 1
54 34 1
53 34 1
52 34 1
51 34 1
50 34 1
49 34 1
48 34 1
47 34 1
46 34 1
45 34 1
45 33 1
44 33 1
44 32 1
44 31 1
44 30 1
44 34 1
44 29 1
44 28 1
44 27 1
44 26 1
44 25 1
44 24 1
44 23 1
44 22 1
44 21 1
45 21 1
45 20 1
44 20 1
45 22 1
46 22 1
46 23 1
46 24 1
46 25 1
46 26 1
46 27 1
46 28 1
46 29 1
45 29 1
45 28 1
45 27 1
45 26 1
45 25 1
45 24 1
45 23 1
45 30 1
45 31 1
45 32 1
46 30 1
46 31 1
46 32 1
46 33 1
48 33 1
49 33 1
50 33 1
51 33 1
52 33 1
53 33 1
54 33 1
55 33 1
56 33 1
57 33 1
58 33 1
59 33 1
60 33 1
60 34 1
61 34 1
47 33 1
56 34 1
57 34 1
58 34 1
59 34 1
62 34 1
61 33 1
62 33 1
63 33 1
64 33 1
65 33 1
66 33 1
67 33 1
63 34 1
64 34 1
65 34 1
66 34 1
67 34 1
68 34 1
67 35 1
66 35 1
65 35 1
64 35 1
63 35 1
62 35 1
68 35 1
69 35 1
68 33 1
68 32 1
68 31 1
69 31 1
69 32 1
70 33 1
70 34 1
70 35 1
69 33 1
69 34 1
70 32 1
70 31 1
70 30 1
70 29 1
70 28 1
70 27 1
70 26 1
67 31 1
67 30 1
67 29 1
67 32 1
67 28 1
56 32 1
56 31 1
48 24 1
48 25 1
48 26 1
48 27 1
48 28 1
48 29 1
49 29 1
50 29 1
51 29 1
52 29 1
53 29 1
54 29 1
55 29 1
56 29 1
57 29 1
58 29 1
59 29 1
60 29 1
61 29 1
62 29 1
62 23 1
62 24 1
63 24 1
63 25 1
63 26 1
63 27 1
63 28 1
63 29 1
63 23 1
62 25 1
62 26 1
62 27 1
62 28 1
61 25 1
61 26 1
61 27 1
61 28 1
60 28 1
60 27 1
60 26 1
60 25 1
59 26 1
59 27 1
59 28 1
59 25 1
58 25 1
57 25 1
56 25 1
55 25 1
54 25 1
53 25 1
52 25 1
51 25 1
50 25 1
49 25 1
49 26 1
50 26 1
51 26 1
52 26 1
53 26 1
54 26 1
55 26 1
56 26 1
57 26 1
58 26 1
58 27 1
57 27 1
56 27 1
55 27 1
54 27 1
53 27 1
52 27 1
51 27 1
50 27 1
49 27 1
50 28 1
51 28 1
52 28 1
53 28 1
54 28 1
55 28 1
56 28 1
57 28 1
58 28 1
49 28 1
55 32 1
55 31 1
55 30 1
56 30 1
57 30 1
57 31 1
57 32 1
62 22 1
63 22 1
68 30 1
68 29 1
68 28 1
68 27 1
68 26 1
68 25 1
69 24 1
69 25 1
69 26 1
69 27 1
69 28 1
69 29 1
69 30 1
69 20 1
69 19 1
69 18 1
69 17 1
69 21 1
69 22 1
69 23 1
68 22 1
68 21 1
68 23 1
68 24 1
67 27 1
67 26 1
67 25 1
68 20 1
67 20 1
67 21 1
67 22 1
67 23 1
67 24 1
67 19 1
68 19 1
68 18 1
68 17 1
67 17 1
67 18 1
66 17 1
65 17 1
64 17 1
63 17 1
62 17 1
61 18 1
60 18 1
59 18 1
58 18 1
57 18 1
56 18 1
56 17 1
55 17 1
54 17 1
53 17 1
52 17 1
51 17 1
57 17 1
58 17 1
59 17 1
60 17 1
61 17 1
62 18 1
63 18 1
64 18 1
65 18 1
66 18 1
51 18 1
52 18 1
53 18 1
54 18 1
55 18 1
46 21 1
42 19 1
43 18 1
43 19 1
43 17 1
42 18 1
41 18 1
40 18 1
39 18 1
38 18 1
37 18 1
36 18 1
35 18 1
34 18 1
33 18 1
32 18 1
31 18 1
30 18 1
29 18 1
28 18 1
27 18 1
26 18 1
25 18 1
24 18 1
23 18 1
22 18 1
22 17 1
22 16 1
21 16 1
21 15 1
22 15 1
22 14 1
22 13 1
22 12 1
21 12 1
21 11 1
21 13 1
21 14 1
21 17 1
22 11 1
23 11 1
23 12 1
23 13 1
23 14 1
23 15 1
23 16 1
23 17 1
21 18 1
